40
0;1;10000;10000;10000;10000;10000;10000;10000;10000;10000;10000;10000;10000;10000;10000;10000;10000;10000;10000;10000;10000;10000;10000;10000;10000;10000;10000;10000;10000;10000;10000;10000;10000;10000;10000;10000;10000;10000;10000;
1;0;1;10000;10000;10000;10000;10000;10000;2;3;10000;10000;10000;10000;10000;10000;10000;10000;10000;10000;10000;10000;10000;10000;10000;10000;10000;10000;10000;10000;10000;10000;10000;10000;10000;10000;10000;2;10000;
10000;1;0;10000;10000;10000;10000;10000;10000;3;10000;10000;10000;10000;10000;10000;10000;10000;10000;10000;10000;10000;10000;10000;10000;10000;10000;10000;10000;10000;10000;10000;10000;10000;10000;10000;10000;10000;10000;10000;
10000;10000;10000;0;2;10000;1;10000;10000;10000;1;10000;10000;10000;10000;10000;10000;10000;10000;10000;10000;10000;10000;10000;10000;10000;10000;10000;10000;10000;10000;10000;10000;10000;10000;10000;10000;10000;10000;10000;
10000;10000;10000;2;0;1;10000;10000;10000;10000;10000;10000;10000;10000;10000;10000;10000;10000;10000;10000;10000;10000;10000;10000;10000;10000;10000;10000;10000;10000;10000;10000;10000;10000;10000;10000;10000;10000;10000;10000;
10000;10000;10000;10000;1;0;1;2;10000;10000;10000;10000;10000;10000;10000;10000;10000;10000;10000;10000;10000;10000;10000;10000;10000;10000;10000;10000;10000;10000;10000;10000;10000;10000;10000;10000;10000;10000;10000;10000;
10000;10000;10000;1;10000;1;0;1;10000;10000;10000;10000;10000;10000;10000;10000;10000;10000;10000;10000;10000;10000;10000;10000;10000;10000;10000;10000;10000;10000;10000;10000;10000;10000;10000;10000;10000;10000;10000;5;
10000;10000;10000;10000;10000;2;1;0;10000;2;1;10000;10000;10000;10000;10000;10000;10000;10000;10000;10000;10000;10000;10000;10000;10000;10000;10000;10000;10000;10000;10000;10000;10000;10000;10000;10000;10000;10000;10000;
10000;10000;10000;10000;10000;10000;10000;10000;0;1;1;10000;10000;10000;10000;10000;10000;10000;10000;10000;10000;10000;10000;10000;10000;10000;10000;10000;10000;10000;10000;10000;10000;10000;10000;10000;10000;10000;10000;10000;
10000;2;3;10000;10000;10000;10000;2;1;0;10000;10000;3;10000;10000;9;10000;10000;10000;10000;10000;10000;10000;10000;10000;10000;10000;10000;5;10000;10000;10000;10000;10000;10000;10000;10000;10000;2;3;
10000;3;10000;1;10000;10000;10000;1;1;10000;0;10000;10000;10000;10000;10000;10000;10000;10000;10000;10000;10000;10000;10000;10000;10000;10000;10000;10000;10000;10000;10000;10000;10000;10000;10000;10000;10000;10000;10000;
10000;10000;10000;10000;10000;10000;10000;10000;10000;10000;10000;0;5;10000;10000;10000;10000;10000;10000;10000;10000;10000;10000;10000;10000;10000;10000;10000;10000;10000;10000;10000;10000;10000;10000;10000;10000;10000;10000;10000;
10000;10000;10000;10000;10000;10000;10000;10000;10000;3;10000;5;0;2;10000;10000;10000;10000;10000;10000;10000;10000;10000;10000;10000;10000;10000;10000;2;10000;5;10000;10000;10000;10000;10000;10000;10000;10000;10000;
10000;10000;10000;10000;10000;10000;10000;10000;10000;10000;10000;10000;2;0;1;3;10000;10000;10000;10000;10000;4;10000;10000;10000;10000;10000;10000;10000;10000;10000;10000;10000;10000;10000;10000;10000;10000;10000;10000;
10000;10000;10000;10000;10000;10000;10000;10000;10000;10000;10000;10000;10000;1;0;1;10000;3;10000;10000;10000;10000;10000;10000;10000;10000;10000;10000;10000;10000;10000;10000;10000;10000;10000;10000;10000;10000;10000;10000;
10000;10000;10000;10000;10000;10000;10000;10000;10000;9;10000;10000;10000;3;1;0;1;10000;10000;10000;10000;10000;10000;10000;10000;10000;10000;10000;10000;10000;10000;10000;10000;10000;10000;10000;10000;10000;10000;10000;
10000;10000;10000;10000;10000;10000;10000;10000;10000;10000;10000;10000;10000;10000;10000;1;0;4;10000;10000;10000;10000;10000;10000;10000;10000;10000;10000;10000;10000;10000;10000;10000;10000;10000;10000;10000;10000;10000;10000;
10000;10000;10000;10000;10000;10000;10000;10000;10000;10000;10000;10000;10000;10000;3;10000;4;0;1;10000;10000;10000;10000;10000;10000;10000;10000;10000;10000;10000;10000;10000;10000;10000;10000;10000;10000;10000;10000;10000;
10000;10000;10000;10000;10000;10000;10000;10000;10000;10000;10000;10000;10000;10000;10000;10000;5;1;0;2;10000;10000;10000;10000;10000;10000;10000;10000;10000;10000;10000;10000;10000;10000;10000;10000;10000;10000;10000;10000;
10000;10000;10000;10000;10000;10000;10000;10000;10000;10000;10000;10000;10000;10000;10000;10000;10000;10000;2;0;2;10000;10000;10000;10000;10000;10000;10000;10000;10000;10000;10000;10000;10000;10000;10000;10000;10000;10000;10000;
10000;10000;10000;10000;10000;10000;10000;10000;10000;10000;10000;10000;10000;10000;10000;10000;10000;10000;10000;2;0;10000;10000;10000;10000;10000;10000;10000;10000;10000;10000;10000;10000;10000;10000;10000;10000;10000;10000;10000;
10000;10000;10000;10000;10000;10000;10000;10000;10000;10000;10000;10000;10000;4;10000;10000;10000;10000;10000;10000;10000;0;3;10000;7;10000;10000;10000;10000;10000;4;10000;10000;10000;10000;10000;10000;10000;10000;10000;
10000;10000;10000;10000;10000;10000;10000;10000;10000;10000;10000;10000;10000;10000;10000;10000;10000;10000;10000;10000;10000;3;0;2;10000;10000;10000;10000;10000;10000;10000;10000;10000;3;10000;10000;10000;10000;10000;10000;
10000;10000;10000;10000;10000;10000;10000;10000;10000;10000;10000;10000;10000;10000;10000;10000;10000;10000;10000;10000;10000;10000;2;0;1;10000;10000;10000;10000;10000;10000;10000;10000;10000;10000;10000;10000;10000;10000;10000;
10000;10000;10000;10000;10000;10000;10000;10000;10000;10000;10000;10000;10000;10000;10000;10000;10000;10000;10000;10000;10000;7;10000;1;0;4;10000;4;10000;10000;3;4;10000;10000;10000;10000;10000;10000;10000;10000;
10000;10000;10000;10000;10000;10000;10000;10000;10000;10000;10000;10000;10000;10000;10000;10000;10000;10000;10000;10000;10000;10000;10000;10000;4;0;1;2;10000;10000;10000;10000;6;10000;10000;10000;10000;10000;10000;10000;
10000;10000;10000;10000;10000;10000;10000;10000;10000;10000;10000;10000;10000;10000;10000;10000;10000;10000;10000;10000;10000;10000;10000;10000;10000;1;0;10000;10000;10000;10000;10000;10000;10000;10000;10000;10000;10000;10000;10000;
10000;10000;10000;10000;10000;10000;10000;10000;10000;10000;10000;10000;10000;10000;10000;10000;10000;10000;10000;10000;10000;10000;10000;10000;4;2;10000;0;5;10000;10000;10000;10000;10000;10000;10000;10000;10000;10000;10000;
10000;10000;10000;10000;10000;10000;10000;10000;10000;5;10000;10000;2;10000;10000;10000;10000;10000;10000;10000;10000;10000;10000;10000;10000;10000;10000;5;0;1;10000;10000;10000;10000;10000;10000;10000;10000;10000;10000;
10000;10000;10000;10000;10000;10000;10000;10000;10000;10000;10000;10000;10000;10000;10000;10000;10000;10000;10000;10000;10000;10000;10000;10000;10000;10000;10000;10000;1;0;10000;10000;10000;10000;10000;10000;10000;10000;10000;10000;
10000;10000;10000;10000;10000;10000;10000;10000;10000;10000;10000;10000;5;10000;10000;10000;10000;10000;10000;10000;10000;4;10000;10000;3;10000;10000;10000;10000;10000;0;10000;10000;10000;10000;10000;10000;10000;10000;10000;
10000;10000;10000;10000;10000;10000;10000;10000;10000;10000;10000;10000;10000;10000;10000;10000;10000;10000;10000;10000;10000;10000;10000;10000;4;10000;10000;10000;10000;10000;10000;0;7;4;10000;10000;10000;10000;10000;10000;
10000;10000;10000;10000;10000;10000;10000;10000;10000;10000;10000;10000;10000;10000;10000;10000;10000;10000;10000;10000;10000;10000;10000;10000;10000;6;10000;10000;10000;10000;10000;7;0;10000;10000;10000;10000;10000;10000;10000;
10000;10000;10000;10000;10000;10000;10000;10000;10000;10000;10000;10000;10000;10000;10000;10000;10000;10000;10000;10000;10000;10000;3;10000;10000;10000;10000;10000;10000;10000;10000;4;10000;0;5;10000;8;10000;10000;10000;
10000;10000;10000;10000;10000;10000;10000;10000;10000;10000;10000;10000;10000;10000;10000;10000;10000;10000;10000;10000;10000;10000;10000;10000;10000;10000;10000;10000;10000;10000;10000;10000;10000;5;0;1;2;6;10000;10000;
10000;10000;10000;10000;10000;10000;10000;10000;10000;10000;10000;10000;10000;10000;10000;10000;10000;10000;10000;10000;10000;10000;10000;10000;10000;10000;10000;10000;10000;10000;10000;10000;10000;10000;1;0;10000;10000;10000;10000;
10000;10000;10000;10000;10000;10000;10000;10000;10000;10000;10000;10000;10000;10000;10000;10000;10000;10000;10000;10000;10000;10000;10000;10000;10000;10000;10000;10000;10000;10000;10000;10000;10000;8;2;10000;0;10000;10000;10000;
10000;10000;10000;10000;10000;10000;10000;10000;10000;10000;10000;10000;10000;10000;10000;10000;10000;10000;10000;10000;10000;10000;10000;10000;10000;10000;10000;10000;10000;10000;10000;10000;10000;10000;6;10000;10000;0;10000;10000;
10000;2;10000;10000;10000;10000;10000;10000;10000;2;10000;10000;10000;10000;10000;10000;10000;10000;10000;10000;10000;10000;10000;10000;10000;10000;10000;10000;10000;10000;10000;10000;10000;10000;10000;10000;10000;10000;0;10000;
10000;10000;10000;10000;10000;10000;5;10000;10000;3;10000;10000;10000;10000;10000;10000;10000;10000;10000;10000;10000;10000;10000;10000;10000;10000;10000;10000;10000;10000;10000;10000;10000;10000;10000;10000;10000;10000;10000;0;